 ; spatially varying for dye1
 0.000000
 0.000000
 0.000000
 0.000000
 0.000000
 0.000000
 0.000000
 0.000000
 0.000000
 0.000000
 0.000000
 0.000000
 0.000000
 0.000000
 0.000000
 0.000000
 0.000000
 0.000000
 0.000000
 0.000000
 0.000000
 0.000000
 0.000000
 0.000000
 0.000000
 0.000000
 0.000000
 0.000000
 0.000000
 0.000000
 0.000000
 0.000000
 0.000000
 0.000000
 0.000000
 0.000000
 0.000000
 0.000000
 0.000000
 0.000000
 0.000000
 0.000000
 0.000000
 0.000000
 0.000000
 0.000000
 0.000000
 0.000000
 0.000000
 0.000000
 0.000000
 0.000000
 0.000000
 0.000000
 0.000000
 0.000000
 0.000000
 0.000000
 0.000000
 0.000000
 0.000000
 0.000000
 0.000000
 0.000000
 0.000000
 0.000000
 0.000000
 0.000000
 0.000000
 0.000000
 0.000000
 0.000000
 0.000000
 0.000000
 0.000000
 0.000000
 0.000000
 0.000000
 0.000000
 0.000000
 0.000000
 0.000000
 0.000000
 0.000000
 0.000000
 0.000000
 0.000000
 0.000000
 0.000000
 0.000000
 0.000000
 0.000000
 0.000000
 0.000000
 0.000000
 0.000000
 0.000000
 0.000000
 0.000000
 0.000000
 0.000000
 0.000000
 0.000000
 0.000000
 0.000000
 0.000000
 0.000000
 0.000000
 0.000000
 0.000000
 0.000000
 0.000000
 0.000000
 0.000000
 0.000000
 0.000000
 0.000000
 0.000000
 0.000000
 0.000000
 0.000000
 0.000000
 0.000000
 0.000000
 0.000000
 0.000000
 0.000000
 0.000000
 0.000000
 0.000000
 0.000000
 0.000000
 0.000000
 0.000000
 0.000000
 0.000000
 0.000000
 0.000000
 0.000000
 0.000000
 0.000000
 0.000000
 0.000000
 0.000000
 0.000000
 0.000000
 0.000000
 0.000000
 0.000000
 0.000000
 0.000000
 0.000000
 0.000000
 0.000000
 0.000000
 0.000000
 0.000000
 0.000000
 0.000000
 0.000000
 0.000000
 0.000000
 0.000000
 0.000000
 0.000000
 0.000000
 0.000000
 0.000000
 0.000000
 0.000000
 0.000000
 0.000000
 0.000000
 0.000000
 0.000000
 0.000000
 0.000000
 0.000000
 0.000000
 0.000000
 0.000000
 0.000000
 0.000000
 0.000000
 0.000000
 0.000000
 0.000000
 0.000000
 0.000000
 0.000000
 0.000000
 0.000000
 0.000000
 0.000000
 0.000000
 0.000000
 0.000000
 0.000000
 0.000000
 0.000000
 0.000000
 0.000000
 0.000000
 0.000000
 0.000000
 0.000000
 0.000000
 0.000000
 0.000000
 0.000000
 0.000000
 0.000000
 0.000000
 0.000000
 0.000000
 0.000000
 0.000000
 0.000000
 0.000000
 0.000000
 0.000000
 0.000000
 0.000000
 0.000000
 0.000000
 0.000000
 0.000000
 0.000000
 0.000000
 0.000000
 0.000000
 0.000000
 0.000000
 0.000000
 0.000000
 0.000000
 0.000000
 0.000000
 0.000000
 0.000000
 0.000000
 0.000000
 0.000000
 0.000000
 0.000000
 0.000000
 0.000000
 0.000000
 0.000000
 0.000000
 0.000000
 0.000000
 0.000000
 0.000000
 0.000000
 0.000000
 0.000000
 0.000000
 0.000000
 0.000000
 0.000000
 0.000000
 0.000000
 0.000000
 0.000000
 0.000000
 0.000000
 0.000000
 0.000000
 0.000000
 0.000000
 0.000000
 0.000000
 0.000000
 0.000000
 0.000000
 0.000000
 0.000000
 0.000000
 0.000000
 0.000000
 0.000000
 0.000000
 0.000000
 0.000000
 0.000000
 0.000000
 0.000000
 0.000000
 0.000000
 0.000000
 0.000000
 0.000000
 0.000000
 0.000000
 0.000000
 0.000000
 0.000000
 0.000000
 0.000000
 0.000000
 0.000000
 0.000000
 0.000000
 0.000000
 0.000000
 0.000000
 0.000000
 0.000000
 0.000000
 0.000000
 0.000000
 0.000000
 0.000000
 0.000001
 0.000001
 0.000001
 0.000001
 0.000001
 0.000001
 0.000001
 0.000001
 0.000001
 0.000000
 0.000000
 0.000000
 0.000000
 0.000000
 0.000000
 0.000000
 0.000000
 0.000000
 0.000000
 0.000000
 0.000000
 0.000000
 0.000000
 0.000000
 0.000000
 0.000000
 0.000000
 0.000000
 0.000000
 0.000000
 0.000000
 0.000000
 0.000000
 0.000000
 0.000000
 0.000000
 0.000000
 0.000000
 0.000000
 0.000000
 0.000000
 0.000000
 0.000000
 0.000000
 0.000000
 0.000000
 0.000001
 0.000001
 0.000002
 0.000003
 0.000004
 0.000005
 0.000006
 0.000006
 0.000006
 0.000005
 0.000004
 0.000003
 0.000002
 0.000001
 0.000001
 0.000000
 0.000000
 0.000000
 0.000000
 0.000000
 0.000000
 0.000000
 0.000000
 0.000000
 0.000000
 0.000000
 0.000000
 0.000000
 0.000000
 0.000000
 0.000000
 0.000000
 0.000000
 0.000000
 0.000000
 0.000000
 0.000000
 0.000000
 0.000000
 0.000000
 0.000000
 0.000000
 0.000000
 0.000000
 0.000000
 0.000000
 0.000000
 0.000001
 0.000002
 0.000003
 0.000005
 0.000008
 0.000012
 0.000016
 0.000020
 0.000022
 0.000023
 0.000022
 0.000020
 0.000016
 0.000012
 0.000008
 0.000005
 0.000003
 0.000002
 0.000001
 0.000000
 0.000000
 0.000000
 0.000000
 0.000000
 0.000000
 0.000000
 0.000000
 0.000000
 0.000000
 0.000000
 0.000000
 0.000000
 0.000000
 0.000000
 0.000000
 0.000000
 0.000000
 0.000000
 0.000000
 0.000000
 0.000000
 0.000000
 0.000000
 0.000000
 0.000000
 0.000000
 0.000000
 0.000001
 0.000001
 0.000003
 0.000006
 0.000011
 0.000019
 0.000030
 0.000044
 0.000059
 0.000072
 0.000082
 0.000085
 0.000082
 0.000072
 0.000059
 0.000044
 0.000030
 0.000019
 0.000011
 0.000006
 0.000003
 0.000001
 0.000001
 0.000000
 0.000000
 0.000000
 0.000000
 0.000000
 0.000000
 0.000000
 0.000000
 0.000000
 0.000000
 0.000000
 0.000000
 0.000000
 0.000000
 0.000000
 0.000000
 0.000000
 0.000000
 0.000000
 0.000000
 0.000000
 0.000000
 0.000000
 0.000000
 0.000000
 0.000001
 0.000002
 0.000004
 0.000010
 0.000020
 0.000037
 0.000064
 0.000101
 0.000146
 0.000196
 0.000241
 0.000273
 0.000285
 0.000273
 0.000241
 0.000196
 0.000146
 0.000101
 0.000064
 0.000037
 0.000020
 0.000010
 0.000004
 0.000002
 0.000001
 0.000000
 0.000000
 0.000000
 0.000000
 0.000000
 0.000000
 0.000000
 0.000000
 0.000000
 0.000000
 0.000000
 0.000000
 0.000000
 0.000000
 0.000000
 0.000000
 0.000000
 0.000000
 0.000000
 0.000000
 0.000000
 0.000000
 0.000000
 0.000001
 0.000002
 0.000006
 0.000014
 0.000030
 0.000061
 0.000114
 0.000196
 0.000310
 0.000451
 0.000603
 0.000743
 0.000841
 0.000877
 0.000841
 0.000743
 0.000603
 0.000451
 0.000310
 0.000196
 0.000114
 0.000061
 0.000030
 0.000014
 0.000006
 0.000002
 0.000001
 0.000000
 0.000000
 0.000000
 0.000000
 0.000000
 0.000000
 0.000000
 0.000000
 0.000000
 0.000000
 0.000000
 0.000000
 0.000000
 0.000000
 0.000000
 0.000000
 0.000000
 0.000000
 0.000000
 0.000000
 0.000000
 0.000001
 0.000002
 0.000006
 0.000016
 0.000039
 0.000085
 0.000173
 0.000323
 0.000555
 0.000877
 0.001276
 0.001708
 0.002104
 0.002384
 0.002485
 0.002384
 0.002104
 0.001708
 0.001276
 0.000877
 0.000555
 0.000323
 0.000173
 0.000085
 0.000039
 0.000016
 0.000006
 0.000002
 0.000001
 0.000000
 0.000000
 0.000000
 0.000000
 0.000000
 0.000000
 0.000000
 0.000000
 0.000000
 0.000000
 0.000000
 0.000000
 0.000000
 0.000000
 0.000000
 0.000000
 0.000000
 0.000000
 0.000000
 0.000001
 0.000002
 0.000006
 0.000016
 0.000042
 0.000101
 0.000222
 0.000451
 0.000841
 0.001446
 0.002286
 0.003326
 0.004452
 0.005483
 0.006212
 0.006477
 0.006212
 0.005483
 0.004452
 0.003326
 0.002286
 0.001446
 0.000841
 0.000451
 0.000222
 0.000101
 0.000042
 0.000016
 0.000006
 0.000002
 0.000001
 0.000000
 0.000000
 0.000000
 0.000000
 0.000000
 0.000000
 0.000000
 0.000000
 0.000000
 0.000000
 0.000000
 0.000000
 0.000000
 0.000000
 0.000000
 0.000000
 0.000000
 0.000000
 0.000001
 0.000004
 0.000014
 0.000039
 0.000101
 0.000241
 0.000532
 0.001080
 0.002018
 0.003468
 0.005483
 0.007976
 0.010676
 0.013147
 0.014897
 0.015531
 0.014897
 0.013147
 0.010676
 0.007976
 0.005483
 0.003468
 0.002018
 0.001080
 0.000532
 0.000241
 0.000101
 0.000039
 0.000014
 0.000004
 0.000001
 0.000000
 0.000000
 0.000000
 0.000000
 0.000000
 0.000000
 0.000000
 0.000000
 0.000000
 0.000000
 0.000000
 0.000000
 0.000000
 0.000000
 0.000000
 0.000000
 0.000000
 0.000001
 0.000003
 0.000010
 0.000030
 0.000085
 0.000222
 0.000532
 0.001174
 0.002384
 0.004452
 0.007651
 0.012097
 0.017598
 0.023555
 0.029008
 0.032868
 0.034266
 0.032868
 0.029008
 0.023555
 0.017598
 0.012097
 0.007651
 0.004452
 0.002384
 0.001174
 0.000532
 0.000222
 0.000085
 0.000030
 0.000010
 0.000003
 0.000001
 0.000000
 0.000000
 0.000000
 0.000000
 0.000000
 0.000000
 0.000000
 0.000000
 0.000000
 0.000000
 0.000000
 0.000000
 0.000000
 0.000000
 0.000000
 0.000000
 0.000002
 0.000006
 0.000020
 0.000061
 0.000173
 0.000451
 0.001080
 0.002384
 0.004839
 0.009038
 0.015531
 0.024556
 0.035724
 0.047816
 0.058886
 0.066723
 0.069561
 0.066723
 0.058886
 0.047816
 0.035724
 0.024556
 0.015531
 0.009038
 0.004839
 0.002384
 0.001080
 0.000451
 0.000173
 0.000061
 0.000020
 0.000006
 0.000002
 0.000000
 0.000000
 0.000000
 0.000000
 0.000000
 0.000000
 0.000000
 0.000000
 0.000000
 0.000000
 0.000000
 0.000000
 0.000000
 0.000000
 0.000000
 0.000001
 0.000003
 0.000011
 0.000037
 0.000114
 0.000323
 0.000841
 0.002018
 0.004452
 0.009038
 0.016880
 0.029008
 0.045865
 0.066723
 0.089308
 0.109985
 0.124623
 0.129923
 0.124623
 0.109985
 0.089308
 0.066723
 0.045865
 0.029008
 0.016880
 0.009038
 0.004452
 0.002018
 0.000841
 0.000323
 0.000114
 0.000037
 0.000011
 0.000003
 0.000001
 0.000000
 0.000000
 0.000000
 0.000000
 0.000000
 0.000000
 0.000000
 0.000000
 0.000000
 0.000000
 0.000000
 0.000000
 0.000000
 0.000000
 0.000001
 0.000005
 0.000019
 0.000064
 0.000196
 0.000555
 0.001446
 0.003468
 0.007651
 0.015531
 0.029008
 0.049849
 0.078818
 0.114662
 0.153475
 0.189007
 0.214162
 0.223270
 0.214162
 0.189007
 0.153475
 0.114662
 0.078818
 0.049849
 0.029008
 0.015531
 0.007651
 0.003468
 0.001446
 0.000555
 0.000196
 0.000064
 0.000019
 0.000005
 0.000001
 0.000000
 0.000000
 0.000000
 0.000000
 0.000000
 0.000000
 0.000000
 0.000000
 0.000000
 0.000000
 0.000000
 0.000000
 0.000000
 0.000000
 0.000002
 0.000008
 0.000030
 0.000101
 0.000310
 0.000877
 0.002286
 0.005483
 0.012097
 0.024556
 0.045865
 0.078818
 0.124623
 0.181296
 0.242664
 0.298845
 0.338618
 0.353019
 0.338618
 0.298845
 0.242664
 0.181296
 0.124623
 0.078818
 0.045865
 0.024556
 0.012097
 0.005483
 0.002286
 0.000877
 0.000310
 0.000101
 0.000030
 0.000008
 0.000002
 0.000000
 0.000000
 0.000000
 0.000000
 0.000000
 0.000000
 0.000000
 0.000000
 0.000000
 0.000000
 0.000000
 0.000000
 0.000000
 0.000001
 0.000003
 0.000012
 0.000044
 0.000146
 0.000451
 0.001276
 0.003326
 0.007976
 0.017598
 0.035724
 0.066723
 0.114662
 0.181296
 0.263744
 0.353019
 0.434749
 0.492610
 0.513560
 0.492610
 0.434749
 0.353019
 0.263744
 0.181296
 0.114662
 0.066723
 0.035724
 0.017598
 0.007976
 0.003326
 0.001276
 0.000451
 0.000146
 0.000044
 0.000012
 0.000003
 0.000001
 0.000000
 0.000000
 0.000000
 0.000000
 0.000000
 0.000000
 0.000000
 0.000000
 0.000000
 0.000000
 0.000000
 0.000000
 0.000001
 0.000004
 0.000016
 0.000059
 0.000196
 0.000603
 0.001708
 0.004452
 0.010676
 0.023555
 0.047816
 0.089308
 0.153475
 0.242664
 0.353019
 0.472514
 0.581909
 0.659355
 0.687397
 0.659355
 0.581909
 0.472514
 0.353019
 0.242664
 0.153475
 0.089308
 0.047816
 0.023555
 0.010676
 0.004452
 0.001708
 0.000603
 0.000196
 0.000059
 0.000016
 0.000004
 0.000001
 0.000000
 0.000000
 0.000000
 0.000000
 0.000000
 0.000000
 0.000000
 0.000000
 0.000000
 0.000000
 0.000000
 0.000000
 0.000001
 0.000005
 0.000020
 0.000072
 0.000241
 0.000743
 0.002104
 0.005483
 0.013147
 0.029008
 0.058886
 0.109985
 0.189007
 0.298845
 0.434749
 0.581909
 0.716631
 0.812007
 0.846540
 0.812007
 0.716631
 0.581909
 0.434749
 0.298845
 0.189007
 0.109985
 0.058886
 0.029008
 0.013147
 0.005483
 0.002104
 0.000743
 0.000241
 0.000072
 0.000020
 0.000005
 0.000001
 0.000000
 0.000000
 0.000000
 0.000000
 0.000000
 0.000000
 0.000000
 0.000000
 0.000000
 0.000000
 0.000000
 0.000000
 0.000001
 0.000006
 0.000022
 0.000082
 0.000273
 0.000841
 0.002384
 0.006212
 0.014897
 0.032868
 0.066723
 0.124623
 0.214162
 0.338618
 0.492610
 0.659355
 0.812007
 0.920076
 0.959206
 0.920076
 0.812007
 0.659355
 0.492610
 0.338618
 0.214162
 0.124623
 0.066723
 0.032868
 0.014897
 0.006212
 0.002384
 0.000841
 0.000273
 0.000082
 0.000022
 0.000006
 0.000001
 0.000000
 0.000000
 0.000000
 0.000000
 0.000000
 0.000000
 0.000000
 0.000000
 0.000000
 0.000000
 0.000000
 0.000000
 0.000001
 0.000006
 0.000023
 0.000085
 0.000285
 0.000877
 0.002485
 0.006477
 0.015531
 0.034266
 0.069561
 0.129923
 0.223270
 0.353019
 0.513560
 0.687397
 0.846540
 0.959206
 1.000000
 0.959206
 0.846540
 0.687397
 0.513560
 0.353019
 0.223270
 0.129923
 0.069561
 0.034266
 0.015531
 0.006477
 0.002485
 0.000877
 0.000285
 0.000085
 0.000023
 0.000006
 0.000001
 0.000000
 0.000000
 0.000000
 0.000000
 0.000000
 0.000000
 0.000000
 0.000000
 0.000000
 0.000000
 0.000000
 0.000000
 0.000001
 0.000006
 0.000022
 0.000082
 0.000273
 0.000841
 0.002384
 0.006212
 0.014897
 0.032868
 0.066723
 0.124623
 0.214162
 0.338618
 0.492610
 0.659355
 0.812007
 0.920076
 0.959206
 0.920076
 0.812007
 0.659355
 0.492610
 0.338618
 0.214162
 0.124623
 0.066723
 0.032868
 0.014897
 0.006212
 0.002384
 0.000841
 0.000273
 0.000082
 0.000022
 0.000006
 0.000001
 0.000000
 0.000000
 0.000000
 0.000000
 0.000000
 0.000000
 0.000000
 0.000000
 0.000000
 0.000000
 0.000000
 0.000000
 0.000001
 0.000005
 0.000020
 0.000072
 0.000241
 0.000743
 0.002104
 0.005483
 0.013147
 0.029008
 0.058886
 0.109985
 0.189007
 0.298845
 0.434749
 0.581909
 0.716631
 0.812007
 0.846540
 0.812007
 0.716631
 0.581909
 0.434749
 0.298845
 0.189007
 0.109985
 0.058886
 0.029008
 0.013147
 0.005483
 0.002104
 0.000743
 0.000241
 0.000072
 0.000020
 0.000005
 0.000001
 0.000000
 0.000000
 0.000000
 0.000000
 0.000000
 0.000000
 0.000000
 0.000000
 0.000000
 0.000000
 0.000000
 0.000000
 0.000001
 0.000004
 0.000016
 0.000059
 0.000196
 0.000603
 0.001708
 0.004452
 0.010676
 0.023555
 0.047816
 0.089308
 0.153475
 0.242664
 0.353019
 0.472514
 0.581909
 0.659355
 0.687397
 0.659355
 0.581909
 0.472514
 0.353019
 0.242664
 0.153475
 0.089308
 0.047816
 0.023555
 0.010676
 0.004452
 0.001708
 0.000603
 0.000196
 0.000059
 0.000016
 0.000004
 0.000001
 0.000000
 0.000000
 0.000000
 0.000000
 0.000000
 0.000000
 0.000000
 0.000000
 0.000000
 0.000000
 0.000000
 0.000000
 0.000001
 0.000003
 0.000012
 0.000044
 0.000146
 0.000451
 0.001276
 0.003326
 0.007976
 0.017598
 0.035724
 0.066723
 0.114662
 0.181296
 0.263744
 0.353019
 0.434749
 0.492610
 0.513560
 0.492610
 0.434749
 0.353019
 0.263744
 0.181296
 0.114662
 0.066723
 0.035724
 0.017598
 0.007976
 0.003326
 0.001276
 0.000451
 0.000146
 0.000044
 0.000012
 0.000003
 0.000001
 0.000000
 0.000000
 0.000000
 0.000000
 0.000000
 0.000000
 0.000000
 0.000000
 0.000000
 0.000000
 0.000000
 0.000000
 0.000000
 0.000002
 0.000008
 0.000030
 0.000101
 0.000310
 0.000877
 0.002286
 0.005483
 0.012097
 0.024556
 0.045865
 0.078818
 0.124623
 0.181296
 0.242664
 0.298845
 0.338618
 0.353019
 0.338618
 0.298845
 0.242664
 0.181296
 0.124623
 0.078818
 0.045865
 0.024556
 0.012097
 0.005483
 0.002286
 0.000877
 0.000310
 0.000101
 0.000030
 0.000008
 0.000002
 0.000000
 0.000000
 0.000000
 0.000000
 0.000000
 0.000000
 0.000000
 0.000000
 0.000000
 0.000000
 0.000000
 0.000000
 0.000000
 0.000000
 0.000001
 0.000005
 0.000019
 0.000064
 0.000196
 0.000555
 0.001446
 0.003468
 0.007651
 0.015531
 0.029008
 0.049849
 0.078818
 0.114662
 0.153475
 0.189007
 0.214162
 0.223270
 0.214162
 0.189007
 0.153475
 0.114662
 0.078818
 0.049849
 0.029008
 0.015531
 0.007651
 0.003468
 0.001446
 0.000555
 0.000196
 0.000064
 0.000019
 0.000005
 0.000001
 0.000000
 0.000000
 0.000000
 0.000000
 0.000000
 0.000000
 0.000000
 0.000000
 0.000000
 0.000000
 0.000000
 0.000000
 0.000000
 0.000000
 0.000001
 0.000003
 0.000011
 0.000037
 0.000114
 0.000323
 0.000841
 0.002018
 0.004452
 0.009038
 0.016880
 0.029008
 0.045865
 0.066723
 0.089308
 0.109985
 0.124623
 0.129923
 0.124623
 0.109985
 0.089308
 0.066723
 0.045865
 0.029008
 0.016880
 0.009038
 0.004452
 0.002018
 0.000841
 0.000323
 0.000114
 0.000037
 0.000011
 0.000003
 0.000001
 0.000000
 0.000000
 0.000000
 0.000000
 0.000000
 0.000000
 0.000000
 0.000000
 0.000000
 0.000000
 0.000000
 0.000000
 0.000000
 0.000000
 0.000000
 0.000002
 0.000006
 0.000020
 0.000061
 0.000173
 0.000451
 0.001080
 0.002384
 0.004839
 0.009038
 0.015531
 0.024556
 0.035724
 0.047816
 0.058886
 0.066723
 0.069561
 0.066723
 0.058886
 0.047816
 0.035724
 0.024556
 0.015531
 0.009038
 0.004839
 0.002384
 0.001080
 0.000451
 0.000173
 0.000061
 0.000020
 0.000006
 0.000002
 0.000000
 0.000000
 0.000000
 0.000000
 0.000000
 0.000000
 0.000000
 0.000000
 0.000000
 0.000000
 0.000000
 0.000000
 0.000000
 0.000000
 0.000000
 0.000000
 0.000001
 0.000003
 0.000010
 0.000030
 0.000085
 0.000222
 0.000532
 0.001174
 0.002384
 0.004452
 0.007651
 0.012097
 0.017598
 0.023555
 0.029008
 0.032868
 0.034266
 0.032868
 0.029008
 0.023555
 0.017598
 0.012097
 0.007651
 0.004452
 0.002384
 0.001174
 0.000532
 0.000222
 0.000085
 0.000030
 0.000010
 0.000003
 0.000001
 0.000000
 0.000000
 0.000000
 0.000000
 0.000000
 0.000000
 0.000000
 0.000000
 0.000000
 0.000000
 0.000000
 0.000000
 0.000000
 0.000000
 0.000000
 0.000000
 0.000000
 0.000001
 0.000004
 0.000014
 0.000039
 0.000101
 0.000241
 0.000532
 0.001080
 0.002018
 0.003468
 0.005483
 0.007976
 0.010676
 0.013147
 0.014897
 0.015531
 0.014897
 0.013147
 0.010676
 0.007976
 0.005483
 0.003468
 0.002018
 0.001080
 0.000532
 0.000241
 0.000101
 0.000039
 0.000014
 0.000004
 0.000001
 0.000000
 0.000000
 0.000000
 0.000000
 0.000000
 0.000000
 0.000000
 0.000000
 0.000000
 0.000000
 0.000000
 0.000000
 0.000000
 0.000000
 0.000000
 0.000000
 0.000000
 0.000000
 0.000001
 0.000002
 0.000006
 0.000016
 0.000042
 0.000101
 0.000222
 0.000451
 0.000841
 0.001446
 0.002286
 0.003326
 0.004452
 0.005483
 0.006212
 0.006477
 0.006212
 0.005483
 0.004452
 0.003326
 0.002286
 0.001446
 0.000841
 0.000451
 0.000222
 0.000101
 0.000042
 0.000016
 0.000006
 0.000002
 0.000001
 0.000000
 0.000000
 0.000000
 0.000000
 0.000000
 0.000000
 0.000000
 0.000000
 0.000000
 0.000000
 0.000000
 0.000000
 0.000000
 0.000000
 0.000000
 0.000000
 0.000000
 0.000000
 0.000000
 0.000001
 0.000002
 0.000006
 0.000016
 0.000039
 0.000085
 0.000173
 0.000323
 0.000555
 0.000877
 0.001276
 0.001708
 0.002104
 0.002384
 0.002485
 0.002384
 0.002104
 0.001708
 0.001276
 0.000877
 0.000555
 0.000323
 0.000173
 0.000085
 0.000039
 0.000016
 0.000006
 0.000002
 0.000001
 0.000000
 0.000000
 0.000000
 0.000000
 0.000000
 0.000000
 0.000000
 0.000000
 0.000000
 0.000000
 0.000000
 0.000000
 0.000000
 0.000000
 0.000000
 0.000000
 0.000000
 0.000000
 0.000000
 0.000000
 0.000000
 0.000001
 0.000002
 0.000006
 0.000014
 0.000030
 0.000061
 0.000114
 0.000196
 0.000310
 0.000451
 0.000603
 0.000743
 0.000841
 0.000877
 0.000841
 0.000743
 0.000603
 0.000451
 0.000310
 0.000196
 0.000114
 0.000061
 0.000030
 0.000014
 0.000006
 0.000002
 0.000001
 0.000000
 0.000000
 0.000000
 0.000000
 0.000000
 0.000000
 0.000000
 0.000000
 0.000000
 0.000000
 0.000000
 0.000000
 0.000000
 0.000000
 0.000000
 0.000000
 0.000000
 0.000000
 0.000000
 0.000000
 0.000000
 0.000000
 0.000000
 0.000001
 0.000002
 0.000004
 0.000010
 0.000020
 0.000037
 0.000064
 0.000101
 0.000146
 0.000196
 0.000241
 0.000273
 0.000285
 0.000273
 0.000241
 0.000196
 0.000146
 0.000101
 0.000064
 0.000037
 0.000020
 0.000010
 0.000004
 0.000002
 0.000001
 0.000000
 0.000000
 0.000000
 0.000000
 0.000000
 0.000000
 0.000000
 0.000000
 0.000000
 0.000000
 0.000000
 0.000000
 0.000000
 0.000000
 0.000000
 0.000000
 0.000000
 0.000000
 0.000000
 0.000000
 0.000000
 0.000000
 0.000000
 0.000000
 0.000000
 0.000001
 0.000001
 0.000003
 0.000006
 0.000011
 0.000019
 0.000030
 0.000044
 0.000059
 0.000072
 0.000082
 0.000085
 0.000082
 0.000072
 0.000059
 0.000044
 0.000030
 0.000019
 0.000011
 0.000006
 0.000003
 0.000001
 0.000001
 0.000000
 0.000000
 0.000000
 0.000000
 0.000000
 0.000000
 0.000000
 0.000000
 0.000000
 0.000000
 0.000000
 0.000000
 0.000000
 0.000000
 0.000000
 0.000000
 0.000000
 0.000000
 0.000000
 0.000000
 0.000000
 0.000000
 0.000000
 0.000000
 0.000000
 0.000000
 0.000000
 0.000000
 0.000001
 0.000002
 0.000003
 0.000005
 0.000008
 0.000012
 0.000016
 0.000020
 0.000022
 0.000023
 0.000022
 0.000020
 0.000016
 0.000012
 0.000008
 0.000005
 0.000003
 0.000002
 0.000001
 0.000000
 0.000000
 0.000000
 0.000000
 0.000000
 0.000000
 0.000000
 0.000000
 0.000000
 0.000000
 0.000000
 0.000000
 0.000000
 0.000000
 0.000000
 0.000000
 0.000000
 0.000000
 0.000000
 0.000000
 0.000000
 0.000000
 0.000000
 0.000000
 0.000000
 0.000000
 0.000000
 0.000000
 0.000000
 0.000000
 0.000000
 0.000000
 0.000001
 0.000001
 0.000002
 0.000003
 0.000004
 0.000005
 0.000006
 0.000006
 0.000006
 0.000005
 0.000004
 0.000003
 0.000002
 0.000001
 0.000001
 0.000000
 0.000000
 0.000000
 0.000000
 0.000000
 0.000000
 0.000000
 0.000000
 0.000000
 0.000000
 0.000000
 0.000000
 0.000000
 0.000000
 0.000000
 0.000000
 0.000000
 0.000000
 0.000000
 0.000000
 0.000000
 0.000000
 0.000000
 0.000000
 0.000000
 0.000000
 0.000000
 0.000000
 0.000000
 0.000000
 0.000000
 0.000000
 0.000000
 0.000000
 0.000000
 0.000000
 0.000000
 0.000001
 0.000001
 0.000001
 0.000001
 0.000001
 0.000001
 0.000001
 0.000001
 0.000001
 0.000000
 0.000000
 0.000000
 0.000000
 0.000000
 0.000000
 0.000000
 0.000000
 0.000000
 0.000000
 0.000000
 0.000000
 0.000000
 0.000000
 0.000000
 0.000000
 0.000000
 0.000000
 0.000000
 0.000000
 0.000000
 0.000000
 0.000000
 0.000000
 0.000000
 0.000000
 0.000000
 0.000000
 0.000000
 0.000000
 0.000000
 0.000000
 0.000000
 0.000000
 0.000000
 0.000000
 0.000000
 0.000000
 0.000000
 0.000000
 0.000000
 0.000000
 0.000000
 0.000000
 0.000000
 0.000000
 0.000000
 0.000000
 0.000000
 0.000000
 0.000000
 0.000000
 0.000000
 0.000000
 0.000000
 0.000000
 0.000000
 0.000000
 0.000000
 0.000000
 0.000000
 0.000000
 0.000000
 0.000000
 0.000000
 0.000000
 0.000000
 0.000000
 0.000000
 0.000000
 0.000000
 0.000000
 0.000000
 0.000000
 0.000000
 0.000000
 0.000000
 0.000000
 0.000000
 0.000000
 0.000000
 0.000000
 0.000000
 0.000000
 0.000000
 0.000000
 0.000000
 0.000000
 0.000000
 0.000000
 0.000000
 0.000000
 0.000000
 0.000000
 0.000000
 0.000000
 0.000000
 0.000000
 0.000000
 0.000000
 0.000000
 0.000000
 0.000000
 0.000000
 0.000000
 0.000000
 0.000000
 0.000000
 0.000000
 0.000000
 0.000000
 0.000000
 0.000000
 0.000000
 0.000000
 0.000000
 0.000000
 0.000000
 0.000000
 0.000000
 0.000000
 0.000000
 0.000000
 0.000000
 0.000000
 0.000000
 0.000000
 0.000000
 0.000000
 0.000000
 0.000000
 0.000000
 0.000000
 0.000000
 0.000000
 0.000000
 0.000000
 0.000000
 0.000000
 0.000000
 0.000000
 0.000000
 0.000000
 0.000000
 0.000000
 0.000000
 0.000000
 0.000000
 0.000000
 0.000000
 0.000000
 0.000000
 0.000000
 0.000000
 0.000000
 0.000000
 0.000000
 0.000000
 0.000000
 0.000000
 0.000000
 0.000000
 0.000000
 0.000000
 0.000000
 0.000000
 0.000000
 0.000000
 0.000000
 0.000000
 0.000000
 0.000000
 0.000000
 0.000000
 0.000000
 0.000000
 0.000000
 0.000000
 0.000000
 0.000000
 0.000000
 0.000000
 0.000000
 0.000000
 0.000000
 0.000000
 0.000000
 0.000000
 0.000000
 0.000000
 0.000000
 0.000000
 0.000000
 0.000000
 0.000000
 0.000000
 0.000000
 0.000000
 0.000000
 0.000000
 0.000000
 0.000000
 0.000000
 0.000000
 0.000000
 0.000000
 0.000000
 0.000000
 0.000000
 0.000000
 0.000000
 0.000000
 0.000000
 0.000000
 0.000000
 0.000000
 0.000000
 0.000000
 0.000000
 0.000000
 0.000000
 0.000000
 0.000000
 0.000000
 0.000000
 0.000000
 0.000000
 0.000000
 0.000000
 0.000000
 0.000000
 0.000000
 0.000000
 0.000000
 0.000000
 0.000000
 0.000000
 0.000000
 0.000000
 0.000000
 0.000000
 0.000000
 0.000000
 0.000000
 0.000000
 0.000000
 0.000000
 0.000000
 0.000000
 0.000000
 0.000000
 0.000000
 0.000000
 0.000000
 0.000000
 0.000000
 0.000000
 0.000000
 0.000000
 0.000000
 0.000000
 0.000000
 0.000000
 0.000000
 0.000000
 0.000000
 0.000000
 0.000000
 0.000000
 0.000000
 0.000000
 0.000000
 0.000000
 0.000000
 0.000000
 0.000000
 0.000000
 0.000000
 0.000000
 0.000000
 0.000000
 0.000000
 0.000000
 0.000000
 0.000000
 0.000000
 0.000000
 0.000000
 0.000000
 0.000000
 0.000000
 0.000000
 0.000000
 0.000000
 0.000000
 0.000000
 0.000000
 0.000000
 0.000000
 0.000000
 0.000000
 0.000000
 0.000000
 0.000000
 0.000000
 0.000000
 0.000000
 0.000000
 0.000000
 0.000000
 0.000000
 0.000000
 0.000000
 0.000000