-1.000000000000000000e+02 0.000000000000000000e+00
-9.500000000000000000e+01 1.305261922200515734e+00
-9.000000000000000000e+01 2.588190451025207395e+00
-8.500000000000000000e+01 3.826834323650897929e+00
-8.000000000000000000e+01 4.999999999999999112e+00
-7.500000000000000000e+01 6.087614290087206115e+00
-7.000000000000000000e+01 7.071067811865474617e+00
-6.500000000000000000e+01 7.933533402912351207e+00
-6.000000000000000000e+01 8.660254037844385522e+00
-5.500000000000000000e+01 9.238795325112867829e+00
-5.000000000000000000e+01 9.659258262890682900e+00
-4.500000000000000000e+01 9.914448613738104044e+00
-4.000000000000000000e+01 1.000000000000000000e+01
-3.500000000000000000e+01 9.914448613738104044e+00
-3.000000000000000000e+01 9.659258262890682900e+00
-2.500000000000000000e+01 9.238795325112867829e+00
-2.000000000000000000e+01 8.660254037844387298e+00
-1.500000000000000000e+01 7.933533402912351207e+00
-1.000000000000000000e+01 7.071067811865475505e+00
-5.000000000000000000e+00 6.087614290087208779e+00
0.000000000000000000e+00 4.999999999999999112e+00
5.000000000000000000e+00 3.826834323650898817e+00
1.000000000000000000e+01 2.588190451025205618e+00
1.500000000000000000e+01 1.305261922200519953e+00
2.000000000000000000e+01 1.224646799147353256e-15
2.500000000000000000e+01 -1.305261922200517732e+00
3.000000000000000000e+01 -2.588190451025207839e+00
3.500000000000000000e+01 -3.826834323650896597e+00
4.000000000000000000e+01 -4.999999999999997335e+00
4.500000000000000000e+01 -6.087614290087206115e+00
5.000000000000000000e+01 -7.071067811865474617e+00
5.500000000000000000e+01 -7.933533402912349430e+00
6.000000000000000000e+01 -8.660254037844383745e+00
6.500000000000000000e+01 -9.238795325112867829e+00
7.000000000000000000e+01 -9.659258262890682900e+00
7.500000000000000000e+01 -9.914448613738104044e+00
8.000000000000000000e+01 -1.000000000000000000e+01
8.500000000000000000e+01 -9.914448613738105820e+00
9.000000000000000000e+01 -9.659258262890684676e+00
9.500000000000000000e+01 -9.238795325112866053e+00
1.000000000000000000e+02 -8.660254037844385522e+00
1.050000000000000000e+02 -7.933533402912357424e+00
1.100000000000000000e+02 -7.071067811865477282e+00
1.150000000000000000e+02 -6.087614290087208779e+00
1.200000000000000000e+02 -4.999999999999996447e+00
1.250000000000000000e+02 -3.826834323650895708e+00
1.300000000000000000e+02 -2.588190451025215832e+00
1.350000000000000000e+02 -1.305261922200516844e+00
1.400000000000000000e+02 -2.449293598294706513e-15
1.450000000000000000e+02 1.305261922200511737e+00
1.500000000000000000e+02 2.588190451025210947e+00
1.550000000000000000e+02 3.826834323650891267e+00
1.600000000000000000e+02 5.000000000000000000e+00
1.650000000000000000e+02 6.087614290087205227e+00
1.700000000000000000e+02 7.071067811865473729e+00
1.750000000000000000e+02 7.933533402912349430e+00
1.800000000000000000e+02 8.660254037844383745e+00
1.850000000000000000e+02 9.238795325112864276e+00
1.900000000000000000e+02 9.659258262890682900e+00
1.950000000000000000e+02 9.914448613738104044e+00
2.000000000000000000e+02 1.000000000000000000e+01
2.050000000000000000e+02 9.914448613738105820e+00
2.100000000000000000e+02 9.659258262890684676e+00
2.150000000000000000e+02 9.238795325112867829e+00
2.200000000000000000e+02 8.660254037844390851e+00
2.250000000000000000e+02 7.933533402912352983e+00
2.300000000000000000e+02 7.071067811865471064e+00
2.350000000000000000e+02 6.087614290087209667e+00
2.400000000000000000e+02 4.999999999999998224e+00
2.450000000000000000e+02 3.826834323650905034e+00
2.500000000000000000e+02 2.588190451025207839e+00
2.550000000000000000e+02 1.305261922200509295e+00
2.600000000000000000e+02 3.673940397442059178e-15
2.650000000000000000e+02 -1.305261922200501967e+00
2.700000000000000000e+02 -2.588190451025201178e+00
2.750000000000000000e+02 -3.826834323650898373e+00
2.800000000000000000e+02 -4.999999999999992006e+00
2.850000000000000000e+02 -6.087614290087204338e+00
2.900000000000000000e+02 -7.071067811865479058e+00
2.950000000000000000e+02 -7.933533402912348542e+00
3.000000000000000000e+02 -8.660254037844387298e+00
3.050000000000000000e+02 -9.238795325112871382e+00
3.100000000000000000e+02 -9.659258262890677571e+00
3.150000000000000000e+02 -9.914448613738102267e+00
3.200000000000000000e+02 -1.000000000000000000e+01
3.250000000000000000e+02 -9.914448613738104044e+00
3.300000000000000000e+02 -9.659258262890684676e+00
3.350000000000000000e+02 -9.238795325112867829e+00
3.400000000000000000e+02 -8.660254037844381969e+00
3.450000000000000000e+02 -7.933533402912353871e+00
3.500000000000000000e+02 -7.071067811865471953e+00
3.550000000000000000e+02 -6.087614290087211444e+00
3.600000000000000000e+02 -5.000000000000014211e+00
3.650000000000000000e+02 -3.826834323650905922e+00
3.700000000000000000e+02 -2.588190451025209615e+00
3.750000000000000000e+02 -1.305261922200527946e+00
3.800000000000000000e+02 -4.898587196589413026e-15
3.850000000000000000e+02 1.305261922200518176e+00
3.900000000000000000e+02 2.588190451025200289e+00
3.950000000000000000e+02 3.826834323650897041e+00
4.000000000000000000e+02 5.000000000000005329e+00
4.050000000000000000e+02 6.087614290087203450e+00
4.100000000000000000e+02 7.071067811865465735e+00
4.150000000000000000e+02 7.933533402912347654e+00
4.200000000000000000e+02 8.660254037844387298e+00
4.250000000000000000e+02 9.238795325112864276e+00
4.300000000000000000e+02 9.659258262890681124e+00
4.350000000000000000e+02 9.914448613738105820e+00
4.400000000000000000e+02 1.000000000000000000e+01
4.450000000000000000e+02 9.914448613738104044e+00
4.500000000000000000e+02 9.659258262890684676e+00
4.550000000000000000e+02 9.238795325112874934e+00
4.600000000000000000e+02 8.660254037844392627e+00
4.650000000000000000e+02 7.933533402912353871e+00
4.700000000000000000e+02 7.071067811865486163e+00
4.750000000000000000e+02 6.087614290087212332e+00
4.800000000000000000e+02 5.000000000000000000e+00
4.850000000000000000e+02 3.826834323650891267e+00
4.900000000000000000e+02 2.588190451025210947e+00
4.950000000000000000e+02 1.305261922200529279e+00
5.000000000000000000e+02 6.123233995736766085e-15
5.050000000000000000e+02 -1.305261922200499747e+00
5.100000000000000000e+02 -2.588190451025198513e+00
5.150000000000000000e+02 -3.826834323650912140e+00
5.200000000000000000e+02 -4.999999999999989342e+00
5.250000000000000000e+02 -6.087614290087202562e+00
5.300000000000000000e+02 -7.071067811865477282e+00
5.350000000000000000e+02 -7.933533402912336108e+00
5.400000000000000000e+02 -8.660254037844376640e+00
5.450000000000000000e+02 -9.238795325112862500e+00
5.500000000000000000e+02 -9.659258262890681124e+00
5.550000000000000000e+02 -9.914448613738105820e+00
5.600000000000000000e+02 -1.000000000000000000e+01
5.650000000000000000e+02 -9.914448613738102267e+00
5.700000000000000000e+02 -9.659258262890684676e+00
5.750000000000000000e+02 -9.238795325112867829e+00
5.800000000000000000e+02 -8.660254037844383745e+00
5.850000000000000000e+02 -7.933533402912366306e+00
5.900000000000000000e+02 -7.071067811865487052e+00
5.950000000000000000e+02 -6.087614290087213220e+00
6.000000000000000000e+02 -5.000000000000000888e+00
6.050000000000000000e+02 -3.826834323650892156e+00
6.100000000000000000e+02 -2.588190451025194516e+00
6.150000000000000000e+02 -1.305261922200495306e+00
6.200000000000000000e+02 -7.347880794884118356e-15
6.250000000000000000e+02 1.305261922200480651e+00
6.300000000000000000e+02 2.588190451025180305e+00
6.350000000000000000e+02 3.826834323650878389e+00
6.400000000000000000e+02 4.999999999999988454e+00
6.450000000000000000e+02 6.087614290087200786e+00
6.500000000000000000e+02 7.071067811865475505e+00
6.550000000000000000e+02 7.933533402912335220e+00
6.600000000000000000e+02 8.660254037844376640e+00
6.650000000000000000e+02 9.238795325112862500e+00
6.700000000000000000e+02 9.659258262890681124e+00
6.750000000000000000e+02 9.914448613738105820e+00
6.800000000000000000e+02 1.000000000000000000e+01
6.850000000000000000e+02 9.914448613738102267e+00
6.900000000000000000e+02 9.659258262890684676e+00
6.950000000000000000e+02 9.238795325112867829e+00
7.000000000000000000e+02 8.660254037844385522e+00
7.050000000000000000e+02 7.933533402912344989e+00
7.100000000000000000e+02 7.071067811865462183e+00
7.150000000000000000e+02 6.087614290087214108e+00
7.200000000000000000e+02 5.000000000000033751e+00
7.250000000000000000e+02 3.826834323650926351e+00
7.300000000000000000e+02 2.588190451025230043e+00
7.350000000000000000e+02 1.305261922200531721e+00
7.400000000000000000e+02 8.572527594031472993e-15
7.450000000000000000e+02 -1.305261922200514624e+00
7.500000000000000000e+02 -2.588190451025213612e+00
7.550000000000000000e+02 -3.826834323650877501e+00
7.600000000000000000e+02 -4.999999999999987566e+00
7.650000000000000000e+02 -6.087614290087200786e+00
7.700000000000000000e+02 -7.071067811865475505e+00
7.750000000000000000e+02 -7.933533402912356536e+00
7.800000000000000000e+02 -8.660254037844394404e+00
7.850000000000000000e+02 -9.238795325112862500e+00
7.900000000000000000e+02 -9.659258262890681124e+00
7.950000000000000000e+02 -9.914448613738104044e+00
8.000000000000000000e+02 -1.000000000000000000e+01
8.050000000000000000e+02 -9.914448613738102267e+00
8.100000000000000000e+02 -9.659258262890686453e+00
8.150000000000000000e+02 -9.238795325112882040e+00
8.200000000000000000e+02 -8.660254037844403285e+00
8.250000000000000000e+02 -7.933533402912367194e+00
8.300000000000000000e+02 -7.071067811865487940e+00
8.350000000000000000e+02 -6.087614290087214997e+00
8.400000000000000000e+02 -5.000000000000003553e+00
8.450000000000000000e+02 -3.826834323650894376e+00
8.500000000000000000e+02 -2.588190451025231376e+00
8.550000000000000000e+02 -1.305261922200533053e+00
8.600000000000000000e+02 -9.797174393178826052e-15
8.650000000000000000e+02 1.305261922200513514e+00
8.700000000000000000e+02 2.588190451025212280e+00
8.750000000000000000e+02 3.826834323650909031e+00
8.800000000000000000e+02 4.999999999999985789e+00
8.850000000000000000e+02 6.087614290087199898e+00
8.900000000000000000e+02 7.071067811865474617e+00
8.950000000000000000e+02 7.933533402912354759e+00
9.000000000000000000e+02 8.660254037844394404e+00
9.050000000000000000e+02 9.238795325112862500e+00
9.100000000000000000e+02 9.659258262890681124e+00
9.150000000000000000e+02 9.914448613738098715e+00
9.200000000000000000e+02 1.000000000000000000e+01
9.250000000000000000e+02 9.914448613738107596e+00
9.300000000000000000e+02 9.659258262890686453e+00
9.350000000000000000e+02 9.238795325112869605e+00
9.400000000000000000e+02 8.660254037844385522e+00
9.450000000000000000e+02 7.933533402912368082e+00
9.500000000000000000e+02 7.071067811865488828e+00
9.550000000000000000e+02 6.087614290087216773e+00
9.600000000000000000e+02 5.000000000000004441e+00
9.650000000000000000e+02 3.826834323650895708e+00
9.700000000000000000e+02 2.588190451025198069e+00
9.750000000000000000e+02 1.305261922200498859e+00
9.800000000000000000e+02 1.102182119232617911e-14
9.850000000000000000e+02 -1.305261922200512403e+00
9.900000000000000000e+02 -2.588190451025211392e+00
9.950000000000000000e+02 -3.826834323650907699e+00
1.000000000000000000e+03 -4.999999999999984901e+00
1.005000000000000000e+03 -6.087614290087199009e+00
1.010000000000000000e+03 -7.071067811865447972e+00
1.015000000000000000e+03 -7.933533402912332555e+00
1.020000000000000000e+03 -8.660254037844374864e+00
1.025000000000000000e+03 -9.238795325112862500e+00
1.030000000000000000e+03 -9.659258262890681124e+00
1.035000000000000000e+03 -9.914448613738104044e+00
1.040000000000000000e+03 -1.000000000000000000e+01
1.045000000000000000e+03 -9.914448613738107596e+00
1.050000000000000000e+03 -9.659258262890686453e+00
1.055000000000000000e+03 -9.238795325112871382e+00
1.060000000000000000e+03 -8.660254037844385522e+00
1.065000000000000000e+03 -7.933533402912347654e+00
1.070000000000000000e+03 -7.071067811865464847e+00
1.075000000000000000e+03 -6.087614290087216773e+00
1.080000000000000000e+03 -5.000000000000005329e+00
1.085000000000000000e+03 -3.826834323650896597e+00
1.090000000000000000e+03 -2.588190451025233596e+00
1.095000000000000000e+03 -1.305261922200535496e+00
1.100000000000000000e+03 -1.224646799147353217e-14
1.105000000000000000e+03 1.305261922200475766e+00
1.110000000000000000e+03 2.588190451025175864e+00
1.115000000000000000e+03 3.826834323650873948e+00
1.120000000000000000e+03 4.999999999999984013e+00
1.125000000000000000e+03 6.087614290087197233e+00
1.130000000000000000e+03 7.071067811865497710e+00
1.135000000000000000e+03 7.933533402912353871e+00
1.140000000000000000e+03 8.660254037844373087e+00
1.145000000000000000e+03 9.238795325112846513e+00
1.150000000000000000e+03 9.659258262890679347e+00
1.155000000000000000e+03 9.914448613738098715e+00
1.160000000000000000e+03 1.000000000000000000e+01
1.165000000000000000e+03 9.914448613738107596e+00
1.170000000000000000e+03 9.659258262890697111e+00
1.175000000000000000e+03 9.238795325112871382e+00
1.180000000000000000e+03 8.660254037844405062e+00
1.185000000000000000e+03 7.933533402912348542e+00
1.190000000000000000e+03 7.071067811865491493e+00
1.195000000000000000e+03 6.087614290087190128e+00
1.200000000000000000e+03 5.000000000000007105e+00
1.205000000000000000e+03 3.826834323650930791e+00
1.210000000000000000e+03 2.588190451025200733e+00
1.215000000000000000e+03 1.305261922200536606e+00
1.220000000000000000e+03 -2.205602199738412406e-14
1.225000000000000000e+03 -1.305261922200509961e+00
1.230000000000000000e+03 -2.588190451025242922e+00
1.235000000000000000e+03 -3.826834323650840197e+00
1.240000000000000000e+03 -4.999999999999983125e+00
1.245000000000000000e+03 -6.087614290087168811e+00
1.250000000000000000e+03 -7.071067811865471064e+00
1.255000000000000000e+03 -7.933533402912331667e+00
1.260000000000000000e+03 -8.660254037844390851e+00
1.265000000000000000e+03 -9.238795325112860723e+00
1.270000000000000000e+03 -9.659258262890670466e+00
1.275000000000000000e+03 -9.914448613738104044e+00
1.280000000000000000e+03 -1.000000000000000000e+01
1.285000000000000000e+03 -9.914448613738102267e+00
1.290000000000000000e+03 -9.659258262890688229e+00
1.295000000000000000e+03 -9.238795325112857171e+00
1.300000000000000000e+03 -8.660254037844389075e+00
1.305000000000000000e+03 -7.933533402912327226e+00
1.310000000000000000e+03 -7.071067811865466624e+00
1.315000000000000000e+03 -6.087614290087275393e+00
1.320000000000000000e+03 -4.999999999999976907e+00
1.325000000000000000e+03 -3.826834323650964542e+00
1.330000000000000000e+03 -2.588190451025167427e+00
1.335000000000000000e+03 -1.305261922200573022e+00
1.340000000000000000e+03 -1.469576158976823671e-14
1.345000000000000000e+03 1.305261922200473546e+00
1.350000000000000000e+03 2.588190451025139005e+00
1.355000000000000000e+03 3.826834323650871728e+00
1.360000000000000000e+03 4.999999999999951150e+00
1.365000000000000000e+03 6.087614290087195457e+00
1.370000000000000000e+03 7.071067811865445307e+00
1.375000000000000000e+03 7.933533402912352983e+00
1.380000000000000000e+03 8.660254037844373087e+00
1.385000000000000000e+03 9.238795325112846513e+00
1.390000000000000000e+03 9.659258262890679347e+00
1.395000000000000000e+03 9.914448613738098715e+00
1.400000000000000000e+03 1.000000000000000000e+01
1.405000000000000000e+03 9.914448613738107596e+00
1.410000000000000000e+03 9.659258262890697111e+00
1.415000000000000000e+03 9.238795325112871382e+00
1.420000000000000000e+03 8.660254037844406838e+00
1.425000000000000000e+03 7.933533402912349430e+00
1.430000000000000000e+03 7.071067811865492381e+00
1.435000000000000000e+03 6.087614290087191904e+00
1.440000000000000000e+03 5.000000000000008882e+00
1.445000000000000000e+03 3.826834323650932568e+00
1.450000000000000000e+03 2.588190451025202954e+00
1.455000000000000000e+03 1.305261922200539049e+00
1.460000000000000000e+03 -1.960672839908941479e-14
1.465000000000000000e+03 -1.305261922200507296e+00
1.470000000000000000e+03 -2.588190451025240701e+00
1.475000000000000000e+03 -3.826834323650903258e+00
1.480000000000000000e+03 -4.999999999999981348e+00
1.485000000000000000e+03 -6.087614290087222990e+00
1.490000000000000000e+03 -7.071067811865470176e+00
1.495000000000000000e+03 -7.933533402912372523e+00
1.500000000000000000e+03 -8.660254037844390851e+00
1.505000000000000000e+03 -9.238795325112885592e+00
1.510000000000000000e+03 -9.659258262890688229e+00
1.515000000000000000e+03 -9.914448613738093385e+00
1.520000000000000000e+03 -1.000000000000000000e+01
1.525000000000000000e+03 -9.914448613738112925e+00
1.530000000000000000e+03 -9.659258262890688229e+00
1.535000000000000000e+03 -9.238795325112885592e+00
1.540000000000000000e+03 -8.660254037844424602e+00
1.545000000000000000e+03 -7.933533402912371635e+00
1.550000000000000000e+03 -7.071067811865519026e+00
1.555000000000000000e+03 -6.087614290087221214e+00
1.560000000000000000e+03 -5.000000000000039968e+00
1.565000000000000000e+03 -3.826834323650901037e+00
1.570000000000000000e+03 -2.588190451025238481e+00
1.575000000000000000e+03 -1.305261922200575464e+00
1.580000000000000000e+03 -1.714505518806294599e-14
1.585000000000000000e+03 1.305261922200471103e+00
1.590000000000000000e+03 2.588190451025205174e+00
1.595000000000000000e+03 3.826834323650869507e+00
1.600000000000000000e+03 5.000000000000010658e+00
1.605000000000000000e+03 6.087614290087193680e+00
1.610000000000000000e+03 7.071067811865443531e+00
1.615000000000000000e+03 7.933533402912350319e+00
1.620000000000000000e+03 8.660254037844371311e+00
1.625000000000000000e+03 9.238795325112873158e+00
1.630000000000000000e+03 9.659258262890679347e+00
1.635000000000000000e+03 9.914448613738098715e+00
1.640000000000000000e+03 1.000000000000000000e+01
1.645000000000000000e+03 9.914448613738107596e+00
1.650000000000000000e+03 9.659258262890679347e+00
1.655000000000000000e+03 9.238795325112873158e+00
1.660000000000000000e+03 8.660254037844371311e+00
1.665000000000000000e+03 7.933533402912350319e+00
1.670000000000000000e+03 7.071067811865495045e+00
1.675000000000000000e+03 6.087614290087193680e+00
1.680000000000000000e+03 5.000000000000010658e+00
1.685000000000000000e+03 3.826834323650869507e+00
1.690000000000000000e+03 2.588190451025205174e+00
1.695000000000000000e+03 1.305261922200471103e+00
1.700000000000000000e+03 -1.715743480079471183e-14
1.705000000000000000e+03 -1.305261922200434466e+00
1.710000000000000000e+03 -2.588190451025238481e+00
1.715000000000000000e+03 -3.826834323650835756e+00
1.720000000000000000e+03 -4.999999999999978684e+00
1.725000000000000000e+03 -6.087614290087164370e+00
1.730000000000000000e+03 -7.071067811865417774e+00
1.735000000000000000e+03 -7.933533402912328114e+00
1.740000000000000000e+03 -8.660254037844353547e+00
1.745000000000000000e+03 -9.238795325112858947e+00
1.750000000000000000e+03 -9.659258262890670466e+00
1.755000000000000000e+03 -9.914448613738102267e+00
1.760000000000000000e+03 -1.000000000000000000e+01
1.765000000000000000e+03 -9.914448613738112925e+00
1.770000000000000000e+03 -9.659258262890688229e+00
1.775000000000000000e+03 -9.238795325112885592e+00
1.780000000000000000e+03 -8.660254037844390851e+00
1.785000000000000000e+03 -7.933533402912372523e+00
1.790000000000000000e+03 -7.071067811865470176e+00
1.795000000000000000e+03 -6.087614290087222990e+00
1.800000000000000000e+03 -5.000000000000042633e+00
1.805000000000000000e+03 -3.826834323650903258e+00
1.810000000000000000e+03 -2.588190451025240701e+00
1.815000000000000000e+03 -1.305261922200507296e+00
1.820000000000000000e+03 -1.959434878635765210e-14
1.825000000000000000e+03 1.305261922200539049e+00
1.830000000000000000e+03 2.588190451025202954e+00
1.835000000000000000e+03 3.826834323650867287e+00
1.840000000000000000e+03 5.000000000000008882e+00
1.845000000000000000e+03 6.087614290087191904e+00
1.850000000000000000e+03 7.071067811865492381e+00
1.855000000000000000e+03 7.933533402912349430e+00
1.860000000000000000e+03 8.660254037844371311e+00
1.865000000000000000e+03 9.238795325112871382e+00
1.870000000000000000e+03 9.659258262890679347e+00
1.875000000000000000e+03 9.914448613738107596e+00
1.880000000000000000e+03 1.000000000000000000e+01
1.885000000000000000e+03 9.914448613738098715e+00
1.890000000000000000e+03 9.659258262890679347e+00
1.895000000000000000e+03 9.238795325112899803e+00
1.900000000000000000e+03 8.660254037844373087e+00
1.905000000000000000e+03 7.933533402912395616e+00
1.910000000000000000e+03 7.071067811865495933e+00
1.915000000000000000e+03 6.087614290087252300e+00
1.920000000000000000e+03 5.000000000000012434e+00
1.925000000000000000e+03 3.826834323650937009e+00
1.930000000000000000e+03 2.588190451025276229e+00
1.935000000000000000e+03 1.305261922200543712e+00
1.940000000000000000e+03 5.634613237351001603e-14
1.945000000000000000e+03 -1.305261922200502633e+00
1.950000000000000000e+03 -2.588190451025167427e+00
1.955000000000000000e+03 -3.826834323650833536e+00
1.960000000000000000e+03 -4.999999999999976907e+00
1.965000000000000000e+03 -6.087614290087161706e+00
1.970000000000000000e+03 -7.071067811865466624e+00
1.975000000000000000e+03 -7.933533402912327226e+00
1.980000000000000000e+03 -8.660254037844389075e+00
1.985000000000000000e+03 -9.238795325112857171e+00
1.990000000000000000e+03 -9.659258262890668689e+00
1.995000000000000000e+03 -9.914448613738102267e+00
2.000000000000000000e+03 -1.000000000000000000e+01
2.005000000000000000e+03 -9.914448613738104044e+00
2.010000000000000000e+03 -9.659258262890688229e+00
2.015000000000000000e+03 -9.238795325112860723e+00
2.020000000000000000e+03 -8.660254037844390851e+00
2.025000000000000000e+03 -7.933533402912375188e+00
2.030000000000000000e+03 -7.071067811865471064e+00
2.035000000000000000e+03 -6.087614290087223878e+00
2.040000000000000000e+03 -4.999999999999983125e+00
2.045000000000000000e+03 -3.826834323650905478e+00
2.050000000000000000e+03 -2.588190451025174532e+00
2.055000000000000000e+03 -1.305261922200509961e+00
2.060000000000000000e+03 -2.204364238465235822e-14
2.065000000000000000e+03 1.305261922200536606e+00
2.070000000000000000e+03 2.588190451025200733e+00
2.075000000000000000e+03 3.826834323650930791e+00
2.080000000000000000e+03 5.000000000000007105e+00
2.085000000000000000e+03 6.087614290087133284e+00
2.090000000000000000e+03 7.071067811865491493e+00
2.095000000000000000e+03 7.933533402912305021e+00
2.100000000000000000e+03 8.660254037844369535e+00
2.105000000000000000e+03 9.238795325112844736e+00
2.110000000000000000e+03 9.659258262890677571e+00
2.115000000000000000e+03 9.914448613738098715e+00
2.120000000000000000e+03 1.000000000000000000e+01
2.125000000000000000e+03 9.914448613738107596e+00
2.130000000000000000e+03 9.659258262890698887e+00
2.135000000000000000e+03 9.238795325112874934e+00
2.140000000000000000e+03 8.660254037844408614e+00
2.145000000000000000e+03 7.933533402912353871e+00
2.150000000000000000e+03 7.071067811865497710e+00
2.155000000000000000e+03 6.087614290087254076e+00
2.160000000000000000e+03 5.000000000000014211e+00
2.165000000000000000e+03 3.826834323650939673e+00
2.170000000000000000e+03 2.588190451025210059e+00
2.175000000000000000e+03 1.305261922200546376e+00
2.180000000000000000e+03 5.879542597180471269e-14
2.185000000000000000e+03 -1.305261922200500191e+00
2.190000000000000000e+03 -2.588190451025165206e+00
2.195000000000000000e+03 -3.826834323650896597e+00
2.200000000000000000e+03 -4.999999999999974243e+00
2.205000000000000000e+03 -6.087614290087216773e+00
2.210000000000000000e+03 -7.071067811865464847e+00
2.215000000000000000e+03 -7.933533402912324561e+00
2.220000000000000000e+03 -8.660254037844385522e+00
2.225000000000000000e+03 -9.238795325112857171e+00
2.230000000000000000e+03 -9.659258262890686453e+00
2.235000000000000000e+03 -9.914448613738102267e+00
2.240000000000000000e+03 -1.000000000000000000e+01
2.245000000000000000e+03 -9.914448613738104044e+00
2.250000000000000000e+03 -9.659258262890690006e+00
2.255000000000000000e+03 -9.238795325112862500e+00
2.260000000000000000e+03 -8.660254037844392627e+00
2.265000000000000000e+03 -7.933533402912332555e+00
2.270000000000000000e+03 -7.071067811865473729e+00
2.275000000000000000e+03 -6.087614290087169699e+00
2.280000000000000000e+03 -5.000000000000046185e+00
2.285000000000000000e+03 -3.826834323650973424e+00
2.290000000000000000e+03 -2.588190451025245586e+00
2.295000000000000000e+03 -1.305261922200582569e+00
2.300000000000000000e+03 -2.449293598294706434e-14
2.305000000000000000e+03 1.305261922200463776e+00
2.310000000000000000e+03 2.588190451025129679e+00
2.315000000000000000e+03 3.826834323650862846e+00
2.320000000000000000e+03 4.999999999999943157e+00
2.325000000000000000e+03 6.087614290087187463e+00
2.330000000000000000e+03 7.071067811865439090e+00
2.335000000000000000e+03 7.933533402912345878e+00
2.340000000000000000e+03 8.660254037844367758e+00
2.345000000000000000e+03 9.238795325112842960e+00
2.350000000000000000e+03 9.659258262890677571e+00
2.355000000000000000e+03 9.914448613738107596e+00
2.360000000000000000e+03 1.000000000000000000e+01
2.365000000000000000e+03 9.914448613738107596e+00
2.370000000000000000e+03 9.659258262890681124e+00
2.375000000000000000e+03 9.238795325112903356e+00
2.380000000000000000e+03 8.660254037844412167e+00
2.385000000000000000e+03 7.933533402912354759e+00
2.390000000000000000e+03 7.071067811865550112e+00
2.395000000000000000e+03 6.087614290087255853e+00
2.400000000000000000e+03 5.000000000000016875e+00
2.405000000000000000e+03 3.826834323651007619e+00
2.410000000000000000e+03 2.588190451025281114e+00
2.415000000000000000e+03 1.305261922200548819e+00
2.420000000000000000e+03 -9.809554005910593471e-15
2.425000000000000000e+03 -1.305261922200427138e+00
2.430000000000000000e+03 -2.588190451025162542e+00
2.435000000000000000e+03 -3.826834323650894376e+00
2.440000000000000000e+03 -4.999999999999910294e+00
2.445000000000000000e+03 -6.087614290087159041e+00
2.450000000000000000e+03 -7.071067811865463071e+00
2.455000000000000000e+03 -7.933533402912367194e+00
2.460000000000000000e+03 -8.660254037844349995e+00
2.465000000000000000e+03 -9.238795325112857171e+00
2.470000000000000000e+03 -9.659258262890686453e+00
2.475000000000000000e+03 -9.914448613738093385e+00
2.480000000000000000e+03 -1.000000000000000000e+01
2.485000000000000000e+03 -9.914448613738104044e+00
2.490000000000000000e+03 -9.659258262890672242e+00
2.495000000000000000e+03 -9.238795325112889145e+00
2.500000000000000000e+03 -8.660254037844394404e+00
2.505000000000000000e+03 -7.933533402912335220e+00
2.510000000000000000e+03 -7.071067811865525243e+00
2.515000000000000000e+03 -6.087614290087229207e+00
2.520000000000000000e+03 -4.999999999999987566e+00
2.525000000000000000e+03 -3.826834323650844638e+00
2.530000000000000000e+03 -2.588190451025247807e+00
2.535000000000000000e+03 -1.305261922200514624e+00
2.540000000000000000e+03 4.411204399476824813e-14
2.545000000000000000e+03 1.305261922200461333e+00
2.550000000000000000e+03 2.588190451025195848e+00
2.555000000000000000e+03 3.826834323650926351e+00
2.560000000000000000e+03 5.000000000000063061e+00
2.565000000000000000e+03 6.087614290087185687e+00
2.570000000000000000e+03 7.071067811865386687e+00
2.575000000000000000e+03 7.933533402912301469e+00
2.580000000000000000e+03 8.660254037844367758e+00
2.585000000000000000e+03 9.238795325112867829e+00
2.590000000000000000e+03 9.659258262890658031e+00
2.595000000000000000e+03 9.914448613738096938e+00
2.600000000000000000e+03 1.000000000000000000e+01
2.605000000000000000e+03 9.914448613738118254e+00
2.610000000000000000e+03 9.659258262890698887e+00
2.615000000000000000e+03 9.238795325112876711e+00
2.620000000000000000e+03 8.660254037844376640e+00
2.625000000000000000e+03 7.933533402912400945e+00
2.630000000000000000e+03 7.071067811865501263e+00
2.635000000000000000e+03 6.087614290087200786e+00
2.640000000000000000e+03 5.000000000000080824e+00
2.645000000000000000e+03 3.826834323650944114e+00
2.650000000000000000e+03 2.588190451025214500e+00
2.655000000000000000e+03 1.305261922200480651e+00
2.660000000000000000e+03 6.369401316839413123e-14
2.665000000000000000e+03 -1.305261922200495306e+00
2.670000000000000000e+03 -2.588190451025229155e+00
2.675000000000000000e+03 -3.826834323650825986e+00
2.680000000000000000e+03 -4.999999999999970690e+00
2.685000000000000000e+03 -6.087614290087213220e+00
2.690000000000000000e+03 -7.071067811865511032e+00
2.695000000000000000e+03 -7.933533402912322785e+00
2.700000000000000000e+03 -8.660254037844383745e+00
2.705000000000000000e+03 -9.238795325112826973e+00
2.710000000000000000e+03 -9.659258262890704216e+00
2.715000000000000000e+03 -9.914448613738102267e+00
2.720000000000000000e+03 -1.000000000000000000e+01
2.725000000000000000e+03 -9.914448613738112925e+00
2.730000000000000000e+03 -9.659258262890727309e+00
2.735000000000000000e+03 -9.238795325112862500e+00
2.740000000000000000e+03 -8.660254037844358876e+00
2.745000000000000000e+03 -7.933533402912379628e+00
2.750000000000000000e+03 -7.071067811865577646e+00
2.755000000000000000e+03 -6.087614290087174140e+00
2.760000000000000000e+03 -4.999999999999928058e+00
2.765000000000000000e+03 -3.826834323650912140e+00
2.770000000000000000e+03 -2.588190451025318861e+00
2.775000000000000000e+03 -1.305261922200587676e+00
2.780000000000000000e+03 -2.939152317953647342e-14
2.785000000000000000e+03 1.305261922200529279e+00
2.790000000000000000e+03 2.588190451025124794e+00
2.795000000000000000e+03 3.826834323650857961e+00
2.800000000000000000e+03 4.999999999999876543e+00
2.805000000000000000e+03 6.087614290087239866e+00
2.810000000000000000e+03 7.071067811865435537e+00
2.815000000000000000e+03 7.933533402912344101e+00
2.820000000000000000e+03 8.660254037844330455e+00
2.825000000000000000e+03 9.238795325112841184e+00
2.830000000000000000e+03 9.659258262890675795e+00
2.835000000000000000e+03 9.914448613738105820e+00
2.840000000000000000e+03 1.000000000000000000e+01
2.845000000000000000e+03 9.914448613738109373e+00
2.850000000000000000e+03 9.659258262890681124e+00
2.855000000000000000e+03 9.238795325112850065e+00
2.860000000000000000e+03 8.660254037844413944e+00
2.865000000000000000e+03 7.933533402912358312e+00
2.870000000000000000e+03 7.071067811865553665e+00
2.875000000000000000e+03 6.087614290087146607e+00
2.880000000000000000e+03 5.000000000000021316e+00
2.885000000000000000e+03 3.826834323650880609e+00
2.890000000000000000e+03 2.588190451025285554e+00
2.895000000000000000e+03 1.305261922200553482e+00
2.900000000000000000e+03 -4.910966809321179657e-15
2.905000000000000000e+03 -1.305261922200563252e+00
2.910000000000000000e+03 -2.588190451025158101e+00
2.915000000000000000e+03 -3.826834323650889935e+00
2.920000000000000000e+03 -4.999999999999906741e+00
2.925000000000000000e+03 -6.087614290087267399e+00
2.930000000000000000e+03 -7.071067811865460406e+00
2.935000000000000000e+03 -7.933533402912363641e+00
2.940000000000000000e+03 -8.660254037844346442e+00
2.945000000000000000e+03 -9.238795325112908685e+00
2.950000000000000000e+03 -9.659258262890684676e+00
2.955000000000000000e+03 -9.914448613738091609e+00
2.960000000000000000e+03 -1.000000000000000000e+01
2.965000000000000000e+03 -9.914448613738123584e+00
2.970000000000000000e+03 -9.659258262890674018e+00
2.975000000000000000e+03 -9.238795325112892698e+00
